924
525
-986
360
412
290
105
-564
545
-544
-258
782
713
-195
-364
217
821
819
183
-335
706
-115
809
-934
65
433
-642
-327
-625
-356
-192
97
-903
106
-451
-517
-514
-692
913
872
638
457
-649
-279
-623
-998
-367
399
251
86
-122
-425
3
523
525
152
496
291
-754
9
-306
-816
-705
-604
345
-137
389
-487
-981
65
-441
893
813
-215
-951
343
675
943
-887
-99
165
373
439
300
454
-252
163
-768
-885
960
-431
190
925
-629
-614
-317
866
-219
-454
-696
-206
-251
-738
-130
-817
229
-979
147
580
-530
-104
139
-878
-7
285
-558
674
943
693
12
-442
493
-526
915
241
201
-655
-820
-490
717
823
399
451
-540
152
622
-192
977
-820
-358
23
-879
452
113
59
660
718
578
-365
-96
505
-781
-781
-460
49
946
421
-376
-417
701
824
279
-490
-823
677
170
897
-878
169
-430
656
-618
-115
-213
653
354
-585
-364
-733
343
142
-661
-705
-48
817
104
-935
-893
610
-97
-235
580
-272
65
424
743
-343
300
950
-848
174
-172
-382
-473
518
991
-627
563
-609
985
605
-152
458
-3
618
-287
-854
182
821
-613
-135
499
-922
893
528
118
-633
-4
36
989
710
925
358
-193
870
-41
-537
-208
410
117
514
991
925
70
928
-769
-898
-391
160
62
803
81
-136
85
425
-967
602
-715
-43
-487
-262
324
-661
-443
-604
-610
-346
761
-58
-192
-642
938
-185
689
231
-247
755
570
-70
628
797
-142
-332
193
804
404
-245
470
909
86
80
-378
-858
-636
-814
-73
-982
830
286
-998
-940
-583
-90
-746
-983
454
-292
561
-127
-127
-902
-901
-818
188
-518
683
715
928
-22
-560
-548
74
524
-305
-78
279
835
-677
431
156
-133
769
-214
-642
267
248
-344
606
999
962
-746
-536
-953
215
-779
-185
769
96
-262
-584
-118
913
-752
-59
714
-914
383
958
-434
-733
371
819
222
800
-613
509
-308
-163
-689
638
250
477
611
-866
902
-5
511
485
663
-687
-85
236
865
671
791
165
166
710
-931
771
-185
-928
493
-691
-713
212
-491
-352
-197
-187
-228
220
-667
-624
-811
-354
539
-532
481
386
648
656
-413
-381
46
-350
664
621
114
-474
361
-533
-87
-231
77
984
511
961
-531
57
-898
514
204
715
977
859
-181
-1000
82
-585
-562
-349
-809
495
497
87
-324
665
105
916
786
-287
93
-307
246
594
492
-749
645
-950
-171
463
563
-266
490
785
-515
-741
-550
-300
-426
855
-898
185
-675
677
-665
4
999
-289
-906
-573
-204
-333
-541
873
367
925
-124
881
-989
221
602
-534
865
527
653
147
585
-342
-553
-375
169
660
-419
-195
724
230
983
-593
655
352
-502
-48
-202
199
601
-790
643
683
-291
-140
145
402
485
516
-222
-141
913
146
700
-448
245
177
927
-829
1
43
-820
810
769
-122
564
-703
240
-479
-109
688
-608
-392
-33
-325
597
975
-682
-527
405
-249
948
945
288
721
-196
264
971
119
868
441
-32
278
776
-603
-209
985
-195
318
803
991
306
-784
-928
236
134
924
492
325
47
-480
924
80
-940
393
39
-882
780
-340
-541
-772
-378
-543
304
-868
-449
-437
761
-111
512
207
567
-773
958
698
-899
-68
-349
261
-540
160
206
200
-103
-930
28
-185
-784
-80
-98
102
611
402
745
-896
-561
-81
918
580
-96
-333
-882
482
14
-600
-146
-663
504
-263
884
-966
658
253
78
301
453
-811
756
-972
-412
-640
853
-864
162
274
303
730
-889
634
58
389
-575
87
405
913
-111
-830
-886
259
593
383
-310
894
40
908
-853
-586
550
829
565
-409
-697
696
570
-459
-545
-358
659
645
141
144
-428
398
593
-117
-108
-69
-442
351
808
817
495
-479
379
-737
-753
-619
-709
170
-854
645
446
852
-15
310
781
77
-436
952
-928
-348
947
-270
-382
-759
832
-729
-336
795
-1
231
166
397
-942
56
-936
655
-320
694
-508
163
876
-905
-892
-959
363
197
-772
593
236
-860
-862
-728
578
-816
-525
-513
-791
717
397
468
301
33
-347
324
-765
-705
-961
929
941
-753
-65
314
-420
509
116
-144
-466
508
797
457
-186
877
-489
66
910
-465
-500
856
-863
-401
183
-594
272
597
3
302
592
-534
202
-775
32
676
842
-4
-445
305
835
20
949
-606
-778
-405
-207
-159
-377
388
-817
-196
-410
-387
-789
188
-435
-690
-999
-433
102
742
-916
810
-738
668
601
836
-726
9
-190
-653
150
213
-571
40
979
-20
390
-177
-931
-415
603
-307
-834
22
-266
479
50
609
634
-621
-753
642
276
-968
792
31
89
213
521
711
-234
-831
468
-336
680
-257
657
-647
-741
760
-912
374
468
-126
-240
960
-202
-120
-687
-348
-372
789
-506
-379
-182
416
-713
743
-834
-77
-940
507
400
-571
360
115
702
117
804
-161
-284
-22
-488
859
-67
-492
-138
405
-195
-637
713
168
-253
-557
-562
44
-133
483
-860
695
360
-727
717
-601
215
86
-676
-989
543
530
-158
-887
172
-652
457
69
-494
835
517
774
-863
-633
474
394
554
4
-149
223
712
342
47
-403
408
-237
135
776
686
798
878
631
-998
-994
-825
-479
-955
-152
-318
83
853
-403
-324
719
-319
-724
16
714
-231
392
256
-99
-53
900
-833
-441
-106
175
756
-62
-125
493
-64
722
-67
-4
-25
-541
-829
-866
777
-534
724
424
746
876
-721
-212
962
290
793
-36
-972
246
-538
55
450
215
177
-133
-512
-142
-980
218
916
-810
-929
773
-506
-983
630
-719
760
-810
-295
187
170
336
296
-133
-721
504
-517
301
715
-832
945
-938
671
672
-901
92
887
-357
613
203
580
599
-901
-434
307
-21
946
497
136
-402
-488
774
-106
632
-804
720
-945
799
800
48
-760
-645
412
663
-931
516
915
-314
277
-314
-567
573
446
-443
165
-158
-816
-952
-18
-444
-321
-426
-659
-202
395
-593
333
-114
-133
-650
-614
233
-462
119
890
429
359
919
551
216
896
-881
-463
974
545
-49
362
-166
-240
-574
-234
-941
-55
-333
952
111
693
-184
-76
653
983
48
851
478
135
938
649
920
293
-241
-47
824
-971
-687
-57
86
-881
316
780
-781
-125
-440
971
218
-493
-735
90
656
674
667
-593
89
750
-758
713
800
-565
-846
-52
670
-61
-173
5
-749
-736
741
206
-470
730
-884
-85
445
-322
-198
54
789
557
-862
-443
-241
730
-160
-521
195
-41
797
870
636
418
487
800
-870
-328
-992
657
15
-268
-547
70
-421
-864
-830
-864
-180
-754
-114
798
-293
-760
138
750
-303
-917
-716
-847
481
-87
337
399
143
258
756
325
751
-65
-718
-864
429
-384
342
305
62
430
10
-24
-4
872
-222
-766
-519
370
679
941
-570
521
168
-194
20
-9
303
488
-396
-821
652
-221
551
-642
-782
811
753
1000
729
-927
89
996
22
747
-860
976
846
129
-137
-324
442
-973
-252
846
93
-52
-7
-382
902
964
27
986
-88
-148
-574
-614
666
454
60
658
24
104
-574
176
-715
-896
367
217
-561
-188
260
111
-745
-662
-999
-164
-23
-681
334
-965
-761
905
952
-939
-12
726
-515
669
627
258
-996
-241
809
361
-242
264
-514
143
964
700
-433
365
-284
974
-832
-500
623
-832
63
602
478
-717
-124
-299
-43
175
-709
811
281
-674
132
864
566
372
-68
-480
139
-503
-362
822
771
589
852
-643
35
254
827
328
-222
480
636
201
-830
845
-893
54
-763
-240
626
-512
769
426
-244
-502
-495
535
-901
371
241
494
955
-232
-480
755
612
-78
-818
129
-626
63
-290
-371
454
32
582
-591
356
-895
603
357
892
-817
817
20
230
-368
-845
702
-711
-259
245
996
35
982
-547
-204
393
-871
496
-159
623
-241
-362
973
437
-174
-803
469
275
-853
-759
964
-6
-956
-893
-719
787
-68
122
-11
-865
796
-423
-462
188
-48
-264
311
877
241
-435
-590
-122
-946
753
220
-593
40
-893
725
-114
96
134
361
-257
-844
-87
-905
477
-924
909
485
875
27
-518
-480
518
987
-287
506
-780
194
-139
462
-478
-811
-98
280
-736
-94
305
654
-384
-195
769
401
-517
520
-418
-445
-988
-251
-126
-392
-418
-515
874
721
-206
-41
130
-21
-461
980
-633
724
-935
-336
498
289
-662
905
87
-497
157
831
792
-35
-115
-377
-890
508
-736
-288
-208
771
-958
689
-424
-500
-23
458
-595
-568
953
187
-391
936
792
-620
-997
424
736
-764
-922
196
209
33
-985
378
892
747
-774
-291
-516
121
226
-399
597
592
562
-298
-892
418
986
-675
-773
826
-37
704
620
-627
-506
-892
218
555
22
-945
981
2
-336
-653
251
150
502
-693
-287
-712
702
-324
-450
-988
604
-5
76
742
446
336
-643
101
920
192
617
970
772
-573
-931
-98
-973
-53
903
-502
-227
-137
662
650
-94
-239
852
482
476
894
20
584
-96
699
-219
477
953
47
-140
-586
-353
-779
-250
-340
-316
635
63
42
549
-760
251
-307
-331
149
728
-603
345
804
-602
-404
-7
780
3
-446
68
149
-174
-971
406
14
-238
-871
-283
-532
-593
628
-213
-893
-250
550
-670
825
-362
-341
-592
535
-860
901
-684
-427
374
-718
24
443
858
464
500
-185
-521
42
-562
685
326
633
588
-62
-381
375
974
540
659
412
191
506
-7
731
-864
938
-803
94
-194
-786
449
227
566
133
623
154
889
743
15
578
-54
658
-355
953
-444
-855
503
663
845
-346
608
77
-73
642
904
-848
418
-530
-202
-464
665
991
300
408
865
375
137
-238
269
-274
-185
-263
-63
7
821
-587
-323
148
-26
-476
159
757
-879
-118
-832
127
79
536
-534
175
-82
722
322
-292
-306
-493
906
-404
-684
-278
483
412
402
-988
-251
803
-363
194
-405
-750
-223
636
963
724
-833
-325
-528
-365
969
97
499
684
-667
807
-790
490
459
435
-734
-108
18
61
720
356
612
63
912
-867
83
-437
-38
370
-584
216
-348
762
-734
-796
919
-695
-695
-689
-821
-91
338
663
581
426
-55
417
917
12
-390
580
-527
-532
-71
239
231
-755
-753
-431
472
-177
658
871
-202
-896
142
496
-360
-14
-557
879
-35
80
-558
-809
-880
639
543
-609
791
369
314
981
-933
-152
-20
167
-834
320
-896
114
424
-24
235
-573
291
-239
-793
-245
-475
-518
246
46
-174
-565
717
722
-432
231
559
910
840
-230
-675
594
-773
-683
-288
696
166
172
852
150
-981
619
218
-40
-463
-484
-38
-546
-903
-662
-483
-604
211
648
622
605
416
719
562
-593
987
-813
301
-570
-513
-321
-605
14
902
-211
169
213
430
-197
718
841
502
-429
594
-715
9
221
408
-233
458
775
-889
-724
726
-157
-177
919
501
962
-533
-808
-231
1
141
954
-14
-198
990
-478
331
929
342
-402
62
-998
768
-191
-398
902
-79
-425
-831
164
-694
-854
161
-426
-276
450
717
-304
924
908
-588
537
231
838
205
404
488
-230
-497
-927
-56
290
-442
36
-509
-405
301
783
723
-580
-202
776
-487
934
238
-670
653
312
93
-498
-920
-534
-278
267
973
-586
514
773
-56
-683
622
-47
-768
752
271
-806
817
-930
-921
978
373
-247
9
527
-903
452
403
-82
165
-322
-659
-202
840
-548
-278
-351
-833
25
666
810
447
-234
-404
384
761
850
-838
-35
-744
-494
768
-608
-758
87
-371
-236
583
679
361
-166
286
-572
235
351
202
-308
-271
-657
591
-15
-291
550
-527
690
633
693
-260
-234
723
-72
141
391
922
93
273
142
855
728
-661
-643
-513
504
-602
966
419
-649
717
819
924
141
126
-647
27
97
-670
-12
70
-603
246
-948
-363
66
-347
204
-276
-731
828
281
318
351
489
685
33
-697
-239
642
-658
-340
933
613
-556
1000
-873
-149
-191
-200
-777
-151
227
977
-560
-292
-468
-417
-624
-955
-101
-513
738
57
829
948
171
-762
853
187
768
-151
215
-859
850
284
-791
401
-208
-831
-571
-503
-547
406
509
95
107
261
971
269
201
819
142
-329
915
-120
203
441
358
-575
-837
-451
735
119
-71
-139
548
308
316
-678
-135
10
-249
-39
-315
555
-232
423
-38
459
876
35
807
-564
747
-835
-69
-957
617
-642
-670
-637
383
-573
-404
537
2
819
-885
-127
145
130
648
-748
-400
-996
903
533
503
-723
-302
-698
-7
618
266
377
279
459
720
254
-639
147
-673
813
-846
-323
161
-50
611
62
-546
419
-703
316
268
-542
-636
-668
-701
-595
910
-969
915
-949
943
-405
50
725
793
-622
322
883
952
-785
-643
493
-902
-858
-22
700
995
-992
85
723
819
691
758
493
-765
18
-663
663
856
-661
768
-224
-235
-457
736
483
-104
419
889
-652
-511
282
618
707
-204
-769
-840
-279
658
-571
582
310
-948
572
846
-15
668
-738
520
852
666
-481
-574
45
-205
-42
988
209
890
-19
-124
546
488
-114
-894
-825
596
311
-936
114
440
-780
-567
622
-723
764
848
-975
-246
-665
80
-797
-922
867
944
-278
289
-865
-584
-921
-61
-700
983
-146
911
449
162
81
411
-990
565
854
-984
650
535
995
-545
840
284
-790
-464
528
611
-792
-61
-562
846
-360
715
-481
757
-624
519
-937
285
134
-247
-575
585
-709
-22
-975
-627
-30
677
-718
465
382
-931
-22
943
-775
487
277
188
-3
136
-147
-848
-419
123
267
862
956
-813
324
206
-52
-288
-49
342
920
-822
596
182
825
-798
-414
-897
8
537
-434
-550
-338
-94
475
20
-235
811
931
257
-736
237
-234
983
-427
413
70
-614
379
-900
-631
-909
770
680
-764
-179
-760
144
899
-487
980
-301
-583
332
947
246
-873
-253
-668
-538
-896
804
587
-254
664
508
244
-212
-282
-823
-317
97
-79
291
27
629
-806
-73
180
-626
223
-897
152
685
-1
-122
-702
-944
514
593
-413
-770
-250
658
684
331
921
887
-775
297
-38
-867
796
-6
543
-880
-475
302
-733
277
-230
532
306
-237
-400
-320
838
-88
-115
-92
891
-562
765
-961
-317
532
-315
238
-94
-980
198
203
299
-315
-13
404
776
-890
-804
300
528
976
-750
-271
353
-249
727
-416
-733
345
-595
737
503
-161
-1000
-701
-453
745
203
-358
-432
-129
808
851
11
255
439
-953
150
-907
-155
-65
-955
-870
848
68
-267
-272
-698
-701
-299
-328
568
-27
-70
-738
773
349
671
313
968
960
-500
249
457
-4
700
-618
-752
-995
-694
68
21
-230
-379
-993
631
277
-103
-512
607
648
705
-66
942
683
-843
-525
635
-188
-67
904
930
531
149
832
-9
-668
-348
-407
117
-865
-862
-667
895
622
421
941
997
975
-700
917
61
-852
-377
791
670
-996
281
607
-510
-872
-474
-795
-33
-162
-238
774
-159
-433
-904
-562
-522
-942
405
-985
222
-184
-502
305
-360
-793
71
-671
767
333
696
526
614
266
421
378
-358
63
747
-891
1
-135
809
260
967
170
682
-62
90
-642
269
926
68
-41
588
-815
762
-993
23
357
132
-43
-359
203
827
365
894
-802
22
-780
91
378
-706
555
-202
797
-386
-878
-561
-835
901
-968
-771
-976
-568
-978
285
34
-509
-613
-819
-263
-985
206
-42
-384
489
679
-475
28
-107
-318
679
965
253
-638
-754
160
-343
-464
101
-639
357
-889
-932
-427
-846
802
694
-209
-662
-139
-168
458
-187
904
824
903
-308
-420
774
-580
-739
41
811
-195
-569
-843
867
206
-245
330
585
-333
386
-593
918
424
-667
-115
266
860
59
253
362
847
-695
-189
-375
388
782
-19
612
-347
100
-223
794
352
657
-780
-442
536
-568
-932
-127
874
-476
140
-281
-947
1
654
-482
-909
-507
322
-341
319
-974
436
-218
-933
-188
433
843
969
967
793
732
602
110
-162
-746
309
728
-451
681
-859
-243
-464
-695
262
-367
919
-3
477
-975
211
153
615
310
757
805
-696
-615
582
-879
-220
-400
469
-792
585
566
65
-494
-859
252
-951
-876
-741
-99
345
713
-3
-903
-373
283
573
-422
-4
637
190
73
-338
-177
588
-314
-75
-264
359
136
304
-18
-203
-45
-867
-178
939
562
458
532
513
687
541
958
-778
-208
-16
-484
-927
949
453
-704
-705
410
-238
-848
-178
-714
598
861
-991
300
357
-493
687
-412
-947
-814
596
423
567
248
651
-930
-189
-501
-38
762
-439
198
-948
-690
668
-611
660
-324
342
-896
469
-1
887
-421
-247
-773
930
-135
-831
434
14
-344
507
672
-493
69
-130
-685
201
875
-785
800
101
-145
-696
-505
-105
66
-291
547
764
468
-187
208
282
-745
-8
-379
157
888
-146
-934
859
850
-284
-480
574
23
125
370
-816
746
886
-807
692
819
-978
47
301
-230
299
526
151
264
-444
680
-146
263
667
-460
-198
109
-112
-820
489
-935
-141
-926
952
45
820
-234
769
-490
819
790
-203
250
135
789
-572
-993
762
-530
-511
282
-391
652
768
891
-219
603
-686
250
398
-829
62
778
-473
-531
680
-9
-696
-539
316
126
-417
245
432
-439
-176
-276
563
-729
805
-421
-1
567
354
-701
393
-742
892
773
30
359
954
-749
505
654
563
-619
-143
-972
-350
-731
-99
145
584
-161
65
852
799
90
803
-897
618
-330
-543
645
-304
-669
-944
911
361
721
879
361
835
-487
772
841
-400
-854
535
-831
458
-104
303
-661
63
268
-972
-59
773
-772
-115
319
-411
901
389
-587
110
759
116
505
790
684
-739
-622
-693
-943
-982
193
218
838
467
-398
-9
-484
466
-767
492
620
491
-326
169
-62
-826
658
372
-466
939
-633
-400
-178
-527
-610
411
-639
45
-408
-74
851
-569
-998
814
360
30
44
-795
994
-282
251
-213
-985
91
18
-507
-910
684
-904
-368
567
945
173
556
456
302
329
878
70
-203
341
-119
-735
-122
95
-210
-204
503
45
-19
-823
-499
-105
276
419
986
865
-816
908
-675
941
194
-520
-860
-400
627
-847
-291
-736
-684
-876
404
-827
234
-653
303
-3
-431
661
637
877
-1000
281
-986
-788
-787
-266
-521
-308
-501
-226
-158
280
575
-460
688
481
653
-636
-870
221
403
-777
-809
196
625
629
-822
463
808
-96
-859
-518
464
-919
-151
80
908
-582
-768
293
-784
967
-504
213
634
660
-22
522
831
802
-572
94
570
-611
494
-49
167
-479
-831
-404
835
-59
-461
526
545
-958
760
597
-352
338
-408
860
-436
-663
491
-46
307
934
-374
-848
583
-269
170
-634
-847
-693
654
-398
-232
302
635
533
-252
-621
293
-993
-434
277
184
-350
978
-754
472
-687
-131
665
-280
-848
114
-452
-736
400
-28
-635
-798
-597
-731
-353
902
64
-505
-126
338
95
218
727
-239
498
-687
-884
-321
635
-245
946
211
-324
856
797
702
-487
-429
560
403
-15
936
-48
990
-19
7
538
-224
-94
-735
517
131
297
596
-559
716
810
-416
452
-321
-455
-660
328
72
659
-466
-648
-138
-49
571
-739
-898
255
-942
-728
389
31
85
617
588
4
-447
-761
774
941
885
276
-819
-851
-635
-937
450
-712
272
580
133
-245
643
-390
-361
570
7
-478
465
-674
843
-556
-833
-853
539
636
481
517
923
-67
574
-155
888
-998
963
140
-307
115
-401
-682
331
369
585
-303
-500
-310
-343
855
512
-424
212
532
693
804
192
-863
-564
739
-172
323
567
-504
109
-541
-987
534
-957
-214
-495
-592
325
830
-987
493
600
816
950
-761
38
644
274
908
894
934
-866
-125
-358
-732
-731
612
50
889
977
-180
-258
-547
-108
-468
-82
-134
-481
-733
-162
14
-352
370
-114
-129
586
631
504
579
3
110
262
-804
-509
232
-390
534
-466
-921
-407
113
939
378
436
118
67
752
-214
-84
-584
515
93
-285
402
-782
-987
195
319
160
820
272
51
-481
-898
464
-672
-439
-481
94
83
577
740
575
939
-639
862
-910
-519
-983
343
810
145
-689
5
136
-624
-352
432
106
-716
-239
-207
154
-962
155
865
-787
465
942
218
440
-395
-82
-904
-229
-277
-425
634
-99
614
581
-434
-864
-891
275
-152
811
-165
-692
80
875
322
-211
-482
696
891
-246
-866
-637
152
-629
-417
-77
-306
-364
-80
-528
-945
317
-683
606
-183
-345
492
493
-652
-765
-652
255
684
20
-669
429
814
-563
742
-577
674
719
47
-45
780
-870
19
242
467
-540
-957
-722
539
940
-227
987
-347
-726
-231
125
268
83
-370
-682
-695
-726
420
-70
-774
402
-640
608
28
97
-585
569
53
142
-156
443
-854
190
724
-102
305
-393
215
-442
599
593
909
-111
-86
200
686
-938
-626
888
896
-94
622
858
346
-255
-189
-122
357
-70
907
-291
-322
792
91
499
-751
-94
-851
327
408
838
320
380
708
-64
-83
613
650
-619
-949
-887
-714
-657
252
-941
-55
357
-771
-528
-422
-655
-353
603
-401
552
106
109
462
548
802
-724
588
-621
-943
-746
-733
-744
871
-454
886
276
745
-266
-528
-626
91
-490
-389
-969
175
926
700
-985
268
-282
-772
82
-167
34
773
-702
-131
-882
-238
445
-810
335
-407
197
-697
-127
-975
-542
-473
23
-570
-308
496
-173
-889
-220
-51
651
-393
644
131
-892
-480
178
-41
-603
-522
561
235
-712
432
-197
-75
415
-198
-972
-851
182
-108
854
-811
-249
92
-777
809
267
811
261
-972
-367
-777
259
-879
348
-45
-389
33
414
628
-369
-378
-310
333
723
524
752
743
-655
701
920
541
750
-866
294
-352
281
760
-253
534
-664
39
255
428
-387
-473
832
230
-814
256
-616
554
729
-333
-730
531
-363
-495
-600
-862
104
-192
500
-26
-231
-878
-573
88
-179
802
-888
-113
76
-732
82
715
-604
-689
-878
322
-963
-418
948
530
-513
364
-725
260
714
800
-303
-27
359
408
-78
-272
-440
-848
-111
-669
-203
842
23
829
-817
987
-808
-374
571
205
-68
-404
-734
-410
-667
-366
-781
665
944
-564
412
-922
233
339
-926
-994
-715
725
-448
63
44
135
-334
-173
-171
968
-885
-207
583
188
-381
804
-814
-362
774
315
369
-52
-718
902
766
-125
670
-350
-265
590
-802
904
-998
-409
-904
-115
580
827
67
608
125
502
-982
-46
-500
-384
934
-583
41
-549
134
997
-737
910
-753
-628
293
-744
-838
319
-946
971
79
-252
414
895
-236
386
204
551
184
-248
702
-549
594
994
-438
421
329
-170
-3
899
907
466
-231
-920
166
129
-290
761
249
248
-409
-851
-413
-531
-308
697
-680
-685
17
207
-678
271
688
565
-471
-371
-634
-105
-347
-441
864
-201
-241
186
-863
-590
447
150
-600
687
-153
90
56
-630
-837
-72
-939
-130
116
278
-932
420
-662
187
216
545
-888
710
-232
-201
-349
111
-409
-268
-302
261
329
985
889
-299
-614
840
-423
102
839
-820
-485
-146
156
799
-564
935
-132
570
50
-338
-137
436
833
780
-731
-761
787
306
-920
9
789
-229
-416
-532
-598
-240
190
-463
245
609
-792
459
297
-51
866
-808
198
-533
-936
160
685
114
680
-590
243
-652
-421
-963
403
905
498
514
84
-436
-511
-428
927
-539
75
-590
-132
-716
-249
587
626
808
81
636
417
-914
-708
-534
-507
-660
-530
-449
904
-307
-406
-191
-396
515
-281
-751
234
-289
-274
-863
735
-84
-845
810
-437
228
324
-600
920
330
83
738
114
-958
-35
616
472
145
-983
437
-101
319
507
610
-942
560
135
-848
-497
-733
129
82
-863
977
-498
-369
-399
-916
56
-488
-183
895
839
-758
184
-281
439
47
-479
-14
712
449
-602
-686
-259
725
370
269
-718
-842
753
-159
-25
-79
31
-456
-537
799
818
207
-270
197
337
790
-826
78
-143
234
118
-549
-791
-981
-882
-355
559
-329
239
986
296
80
-536
480
778
720
194
310
830
-134
-421
264
-409
244
-905
990
-587
215
-305
436
-944
-867
855
-825
-335
52
-507
86
562
44
864
-706
-167
-440
196
-928
-873
-354
-804
-660
-258
-921
419
283
-652
-876
-187
-74
-595
739
196
-954
799
-94
-884
-788
997
733
231
-947
-355
-72
-802
142
-348
-99
156
-851
-886
-398
43
124
-517
826
652
-111
965
157
-531
621
-98
-500
911
-715
25
944
297
229
-61
156
823
-248
-543
-153
-453
-111
255
69
-229
747
-400
-200
35
-877
-538
-763
-803
781
-934
678
15
-773
-19
199
-820
957
306
-78
728
-475
648
-342
883
-512
915
22
129
988
542
-373
-885
-912
626
-176
-232
46
785
-188
209
-811
-328
-711
-510
-242
-460
-569
268
600
-583
793
492
73
940
130
-565
716
724
-374
-346
680
-15
-897
556
-147
-440
-333
-266
590
-923
454
746
-429
314
-536
244
-850
934
220
-233
-939
715
207
696
9
-985
839
-179
465
-698
631
820
556
515
-190
404
131
170
-310
409
-679
-997
124
93
102
389
855
889
807
208
853
-766
-319
-927
77
475
-638
-148
-804
-394
561
74
538
278
787
-879
-649
-167
480
786
-949
-725
-152
529
49
509
-661
346
237
-987
481
984
-744
-279
-618
429
-645
974
-966
-921
609
720
133
508
39
172
-619
7
-899
-888
-330
262
784
347
371
392
600
321
40
-337
869
-507
22
481
-492
692
76
821
-299
871
856
175
-797
-266
-449
-468
-547
-998
786
-93
157
-369
989
968
930
333
453
-332
46
-454
437
556
-838
-557
-592
248
451
669
-963
-596
-62
-243
-319
-873
523
-195
349
102
-898
-385
931
863
-244
235
125
661
916
-849
776
125
-612
-557
412
194
173
937
164
-801
-667
-796
-708
343
280
-255
-675
-221
600
-201
510
-410
280
771
-581
-39
-774
-736
-872
-842
254
-177
277
713
527
953
563
872
479
-493
439
387
547
495
-363
21
546
146
908
-657
815
505
-428
255
-74
-741
99
939
-116
182
-778
-601
-674
-927
-455
-540
-283
-732
998
27
-224
-501
-271
-202
853
-9
218
-991
176
555
315
57
652
925
-373
594
-430
-971
-812
-343
-389
-964
-676
-112
534
363
429
-80
839
978
866
-77
810
-227
206
121
692
-431
327
205
313
-380
-337
-624
-799
-427
-290
72
982
-944
419
811
732
-762
911
-118
752
730
-290
262
729
-958
-847
-247
-702
-932
565
-346
635
-653
352
752
515
-541
-282
-274
-465
-326
-826
-97
-91
-942
274
-882
-662
370
109
-988
-424
-247
-707
-851
-79
-259
649
75
635
-79
-972
-991
-668
-268
437
-681
-443
290
-426
-356
-690
-225
792
776
-213
351
-496
900
249
-586
-781
132
-452
-858
-683
-901
362
564
615
-470
792
216
-972
-312
67
256
-107
623
-711
950
668
-320
233
-393
-822
43
651
528
896
-333
-221
-700
-333
107
101
-679
-766
-203
663
-630
2
-748
730
534
129
-221
-20
774
811
-3
58
820
157
552
323
-61
-561
205
-632
-605
724
-749
291
-125
225
475
-394
-915
671
-262
323
792
-452
996
669
583
313
87
-227
645
191
564
976
577
706
-29
748
-332
-590
-11
-938
655
-472
355
588
364
302
-526
-45
873
-518
-582
-455
552
-337
206
-632
-825
-382
-539
819
874
-937
187
-913
-150
43
681
250
-490
810
535
125
795
-264
-325
238
-827
-249
-626
621
447
350
828
642
97
-969
-811
30
905
686
870
947
-255
-358
567
-576
919
861
-269
-310
386
433
601
187
-806
119
-914
516
319
199
-546
428
449
-312
-935
688
541
19
414
583
-339
828
153
-424
-467
781
-268
-700
893
302
965
-613
658
-12
182
-911
129
267
-4
-881
30
-894
688
189
382
295
247
908
-646
-50
685
-6
525
-641
383
829
-675
-144
-917
-549
332
743
-311
-946
811
-58
821
-344
382
-966
25
-337
-328
907
501
-332
266
-169
153
919
232
-699
677
453
-783
-678
-406
-153
57
-450
656
586
-453
232
-797
340
-305
339
-410
361
-213
-216
-586
449
639
853
28
-614
206
-604
-179
707
-142
852
-254
397
177
-799
-175
850
-889
-232
-519
-545
-286
849
5
607
-300
-83
903
-734
-860
412
864
-783
304
-708
388
251
-913
596
973
-127
-311
-903
-550
162
203
-495
309
-880
881
-815
-332
302
8
62
-242
538
-435
299
845
-339
627
576
-752
-686
-170
375
316
360
-982
-743
528
684
494
889
840
-554
20
576
45
235
117
462
-874
-14
-540
-325
103
488
-175
15
-742
-571
-415
-100
-520
-474
784
172
878
236
-499
-795
93
-115
383
519
-201
135
-589
888
26
-448
-542
906
379
416
314
558
161
6
758
-214
-515
-437
810
406
706
-243
266
-937
840
-61
40
533
-328
252
-346
-378
292
-133
-795
-528
944
398
319
-348
-961
141
-928
-471
-619
-101
538
256
-371
-416
-844
-656
443
-822
836
-141
-841
144
664
-305
560
417
182
-246
-212
-143
-154
-562
-6
-921
130
-902
745
720
-324
949
910
978
-685
-995
-504
-308
-534
512
-548
-103
-481
-309
806
-975
-736
-224
682
-574
871
940
-250
970
-756
522
159
242
-20
-559
-712
270
605
339
-57
889
183
-547
368
-359
498
997
-461
864
393
-810
-509
870
-40
765
559
-964
542
372
736
161
252
-778
-573
-928
-111
-347
-426
-7
-637
868
881
183
-999
806
366
-853
993
-371
619
-77
174
-45
105
-650
175
-691
-109
75
-76
669
993
945
492
-600
-928
-623
155
257
-271
273
783
-493
-427
-750
57
642
-401
576
-126
101
973
380
941
-808
797
-884
-754
262
-260
-361
592
-397
215
-76
-415
665
141
-859
-468
-659
121
-596
-15
459
910
525
-840
877
949
214
915
-339
803
-1000
-33
-705
-370
-658
186
315
-302
-893
-906
-889
-857
-969
948
470
505
-934
-765
-478
787
945
989
-307
-416
-626
487
436
-623
-132
-909
311
562
726
571
-133
-305
-890
639
-788
-988
-450
886
349
-229
714
350
216
-121
923
646
-979
-717
-34
161
-414
-122
-204
-726
906
-280
674
-918
-152
-849
-373
892
709
-653
72
-410
806
-838
575
-652
440
-536
-586
-568
954
-236
271
-907
-536
750
-80
-994
-70
648
744
-398
-528
663
-125
14
-629
-697
814
986
-220
654
909
788
682
367
-657
-525
-131
-950
-463
961
-375
144
223
803
-208
386
-591
-875
245
376
-407
143
-368
619
-269
398
267
930
-599
196
-833
89
693
-919
-341
419
721
2
990
-143
-466
-54
-679
-683
-464
514
218
934
547
146
-100
-426
505
-812
-787
470
-291
161
-402
428
-279
437
991
-833
-64
-813
451
825
-828
40
105
370
-401
204
-603
314
397
-81
-685
-157
192
-356
662
-755
-498
876
311
506
622
-904
-171
451
-722
265
-507
680
674
-94
-211
924
-984
-203
-24
236
-860
-715
309
-564
-762
-914
-669
22
735
533
-730
-871
345
-36
-9
-373
-353
819
-99
498
-630
-831
-586
118
324
879
-920
-673
-124
-349
-821
621
-201
311
134
-994
303
-366
-468
-79
246
604
122
-951
587
-454
646
377
208
-226
-869
998
322
-542
-816
-518
806
-566
-41
819
-613
-104
236
189
332
-465
-152
599
865
-61
-388
-121
-386
-450
-723
-667
-12
-827
854
-703
-679
436
350
-283
-819
-984
-255
577
-105
-801
612
319
-95
67
53
259
293
-617
604
-607
-178
-529
-456
-983
857
40
-72
47
-327
-335
977
-53
494
340
591
-455
-432
435
-631
668
-661
907
445
-732
707
864
128
-202
-117
404
-480
-943
896
993
559
979
-25
-744
-71
485
347
748
517
234
-451
-327
672
-228
-840
732
-129
-656
-992
305
-261
-248
-117
32
-400
-43
-988
-657
-393
489
162
403
610
704
-765
315
506
404
210
-924
-610
-339
286
-565
-847
962
-587
967
221
-504
36
426
-481
-771
99
-562
-376
947
-382
893
-179
-980
-380
-690
989
-100
90
-476
765
-794
647
-146
841
56
742
-295
-200
196
823
-734
-916
-198
192
840
-413
90
564
-345
-810
-117
-942
351
-777
-601
60
255
-253
213
693
404
-214
144
-501
455
-313
-843
-396
-399
-954
-648
722
312
713
-458
792
-583
929
-171
-541
637
-279
3
496
664
-211
-807
-469
584
874
137
876
195
976
525
-629
34
280
738
200
1000
-742
-413
-46
-741
-544
-638
344
-349
581
92
-539
374
-902
145
988
-274
118
855
-480
665
-650
760
-441
699
614
-622
958
-493
557
622
-4
832
-798
-729
717
-963
457
634
-768
-23
-305
548
-430
649
-654
728
853
-618
-900
97
-981
657
817
411
-514
179
878
791
213
585
673
120
-999
-498
-136
-139
751
-865
-320
-646
-508
456
-424
-526
-721
-559
635
-244
331
872
-147
210
940
-271
329
-371
772
-409
-409
815
-14
-586
-949
-660
-396
923
568
347
682
-158
408
-37
641
-125
720
-983
993
-450
-933
-696
-41
778
-433
569
-660
463
-507
-837
706
373
917
971
69
812
-47
780
-953
-743
482
-218
-213
204
-953
-225
-887
379
41
-848
-188
-140
319
-563
-838
-65
458
228
802
-495
-560
-529
621
405
757
422
322
-121
126
